structure(list(call = quote(lm(formula = Profit ~ ., data = training_set)), 
    terms = Profit ~ R.D.Spend + Administration + Marketing.Spend + 
        State, residuals = c(`1` = -830.337601170791, `2` = 2113.25735353124, 
    `3` = 8265.19170738215, `6` = -6901.09569295149, `7` = -998.793941355383, 
    `9` = 484.728168952854, `10` = -5279.4761088937, `12` = 8627.01458784734, 
    `13` = 12315.9775061321, `14` = 6796.64283901395, `15` = -16852.2159459026, 
    `17` = 9855.42032539543, `18` = -4842.74419078713, `19` = -5173.98790607252, 
    `22` = -6213.91761096955, `23` = -4931.22081516561, `25` = -4301.43187945679, 
    `26` = 5585.66085056792, `27` = -4455.05500958335, `28` = -10010.9285718395, 
    `29` = 2155.20654744841, `30` = -40.0613086744255, `33` = -689.033830722434, 
    `34` = -1411.77641686198, `35` = 7612.57583052766, `36` = 5865.19682337262, 
    `37` = 15091.4410870791, `38` = 50.2120967461042, `39` = 11306.168716329, 
    `40` = -2839.24388432844, `41` = 3342.69494848168, `42` = 2750.04351574986, 
    `43` = 837.530122565186, `44` = 10309.4855268473, `45` = 1343.30191310471, 
    `46` = 18064.7809098738, `47` = -7753.60427020554, `48` = -3230.23994250976, 
    `49` = -12889.843289526, `50` = -33127.5231599715), coefficients = structure(c(49652.502659507, 
    0.798596253298846, -0.0294170043586769, 0.0326834594785951, 
    121.321578924942, 237.567723794799, 7637.25846365082, 0.0560373106112145, 
    0.0582787567676899, 0.0212677720067071, 3750.80704405124, 
    4127.28249611287, 6.50135161666006, 14.2511523945089, -0.504763759390726, 
    1.536759913934, 0.0323454599237137, 0.0575603254728852, 1.93774520540293e-07, 
    6.69994702356947e-16, 0.616980865829621, 0.133607158492918, 
    0.974385695923955, 0.954435814241819), .Dim = c(6L, 4L), .Dimnames = list(
        c("(Intercept)", "R.D.Spend", "Administration", "Marketing.Spend", 
        "State2", "State3"), c("Estimate", "Std. Error", "t value", 
        "Pr(>|t|)"))), aliased = c(`(Intercept)` = FALSE, R.D.Spend = FALSE, 
    Administration = FALSE, Marketing.Spend = FALSE, State2 = FALSE, 
    State3 = FALSE), sigma = 9907.89614766765, df = c(6L, 34L, 
    6L), r.squared = 0.94991420845572, adj.r.squared = 0.942548650875679, 
    fstatistic = c(value = 128.967046708013, numdf = 5, dendf = 34
    ), cov.unscaled = structure(c(0.594171867688125, 1.30451736188824e-06, 
    -3.87398379102874e-06, -7.25325209636069e-07, -0.0810005001522258, 
    -0.0275816704442546, 1.30451736188824e-06, 3.19883380288326e-11, 
    -1.28252319899116e-11, -9.39696051954396e-12, -1.48379412463232e-07, 
    2.70031060813059e-07, -3.87398379102874e-06, -1.28252319899116e-11, 
    3.45985314758594e-11, 3.34182088505027e-12, -8.43543390256664e-08, 
    -3.48871330493092e-07, -7.25325209636069e-07, -9.39696051954396e-12, 
    3.34182088505027e-12, 4.60766716663809e-12, 1.13503564907568e-07, 
    -1.27504013908446e-07, -0.0810005001522258, -1.48379412463232e-07, 
    -8.43543390256664e-08, 1.13503564907568e-07, 0.143313319133301, 
    0.0749421028201629, -0.0275816704442546, 2.70031060813059e-07, 
    -3.48871330493092e-07, -1.27504013908446e-07, 0.0749421028201629, 
    0.17352637714024), .Dim = c(6L, 6L), .Dimnames = list(c("(Intercept)", 
    "R.D.Spend", "Administration", "Marketing.Spend", "State2", 
    "State3"), c("(Intercept)", "R.D.Spend", "Administration", 
    "Marketing.Spend", "State2", "State3")))), class = "summary.lm")
